2
2
30 30
300
300
0.20 0.20 0.30 0.30
2
2
30 30
300
300
0.20 0.20 0.30 0.30
0.05 0.04 0.05 8.88 0.02 0.03 0.04 0.04 0.05 0.06 0.06 0.07 0.07 0.06 0.06 0.07 8.88 0.07 0.06 0.07 0.05 0.05 0.06 0.05 0.05 0.05 0.05 0.06 0.05 0.04 
0.03 8.88 0.03 0.06 0.05 0.06 0.05 0.06 0.05 0.06 0.08 0.04 8.88 0.06 8.88 0.06 0.06 0.04 0.06 0.08 0.05 0.05 0.04 0.06 0.04 8.88 0.07 0.04 0.06 8.88 
0.03 0.04 0.06 0.04 0.05 0.06 0.05 0.05 0.03 0.05 0.07 0.05 0.09 0.05 0.05 8.88 0.07 0.06 0.06 0.05 0.05 0.07 0.05 0.05 0.04 0.06 0.06 0.04 0.06 0.06 
8.88 0.05 0.05 0.04 0.05 0.04 0.04 0.06 0.06 0.08 0.09 0.08 0.06 0.07 0.09 0.11 8.88 0.07 0.06 0.06 0.07 0.08 0.07 0.05 0.07 8.88 0.07 0.05 0.05 0.04 
0.06 0.05 0.04 0.07 0.06 0.07 0.08 0.09 8.88 0.09 0.05 0.10 0.09 0.09 0.09 0.08 0.08 0.06 0.09 0.06 0.08 0.07 0.09 0.07 0.06 0.07 0.04 0.05 0.07 0.06 
0.06 0.07 0.07 0.07 0.08 0.09 0.07 0.09 0.09 0.08 0.06 0.08 0.08 0.07 0.10 0.10 0.12 0.08 8.88 0.08 0.08 0.07 0.07 0.09 0.08 0.07 0.04 0.06 0.06 0.06 
0.04 0.07 8.88 8.88 0.05 0.06 0.08 0.09 8.88 8.88 0.08 0.08 0.09 0.07 0.13 0.12 0.11 0.10 0.11 0.09 0.12 0.11 0.07 0.08 0.12 0.07 0.07 0.06 0.05 0.03 
0.08 0.05 0.09 8.88 0.09 0.10 0.10 0.11 0.14 0.15 8.88 8.88 0.14 0.12 0.13 0.12 8.88 0.15 0.12 0.15 0.15 0.13 0.11 0.13 0.11 0.07 8.88 8.88 8.88 0.09 
0.07 8.88 0.07 0.07 0.07 0.04 8.88 0.11 0.15 0.16 0.19 0.20 0.16 0.16 0.17 8.88 8.88 0.16 0.18 0.16 0.14 0.13 0.14 0.13 0.13 0.10 0.10 0.09 0.07 0.08 
0.08 0.09 0.07 8.88 0.09 0.11 0.12 0.12 0.14 0.17 0.19 0.21 0.20 8.88 0.25 0.28 0.28 0.22 8.88 0.25 0.15 0.14 0.17 0.16 0.09 0.10 0.12 8.88 0.08 0.06 
0.09 8.88 0.07 0.09 0.12 0.10 0.14 8.88 0.19 0.20 0.20 0.27 0.24 0.28 0.30 0.25 0.26 0.29 0.25 0.23 0.21 0.19 0.15 0.18 0.11 0.13 0.11 0.10 0.11 0.07 
0.11 0.10 0.13 0.12 0.10 0.12 8.88 0.17 0.22 0.22 0.25 0.25 0.29 0.25 0.34 0.32 0.31 0.29 0.27 0.29 0.23 0.26 0.15 0.12 0.07 0.12 0.13 0.11 0.10 0.10 
0.14 0.11 0.10 0.11 8.88 0.17 0.20 0.23 0.22 0.25 0.30 0.28 0.32 0.40 0.40 0.38 8.88 0.35 0.38 0.30 0.26 0.29 8.88 0.14 0.15 0.13 0.11 8.88 0.10 8.88 
0.13 0.13 0.08 0.14 0.16 0.17 0.19 0.20 0.22 0.27 0.27 0.34 0.37 0.42 0.45 0.52 0.56 0.46 0.40 0.36 0.34 8.88 8.88 0.18 0.16 0.10 0.16 0.13 0.13 0.12 
0.13 0.10 0.09 0.15 0.11 8.88 0.20 0.16 0.23 0.23 0.26 0.35 8.88 0.51 0.59 0.66 0.61 0.44 0.42 0.32 0.31 0.27 0.23 0.21 0.16 0.13 0.12 0.12 0.11 8.88 
0.12 0.11 8.88 0.15 8.88 0.18 0.24 0.17 0.25 0.27 0.33 0.35 0.44 0.52 0.70 9.99 0.75 0.59 8.88 0.30 0.32 0.30 8.88 0.15 0.18 0.18 0.14 0.15 0.12 0.13 
0.13 0.15 0.12 0.13 0.14 0.18 0.18 0.21 0.25 0.23 0.34 0.37 0.47 0.52 0.56 0.65 0.64 0.51 0.45 0.36 0.31 0.29 0.25 0.23 0.18 0.18 0.12 0.11 0.12 0.10 
0.11 0.10 0.10 0.08 8.88 0.20 0.21 0.24 0.24 0.26 0.31 0.33 0.38 0.40 0.48 0.57 0.47 0.42 0.36 0.35 0.29 0.25 0.24 0.20 0.17 0.16 0.17 0.10 0.14 0.17 
8.88 0.12 0.13 0.10 0.13 0.16 0.14 8.88 0.24 0.21 0.27 0.35 0.39 0.34 0.38 0.36 0.38 8.88 0.31 0.26 0.25 0.22 0.19 0.22 0.18 0.19 0.15 0.13 0.13 8.88 
0.11 0.11 0.13 0.10 0.12 0.12 0.11 8.88 0.19 0.19 0.19 0.21 0.26 0.26 0.33 0.34 0.32 0.28 0.30 0.23 8.88 0.23 0.20 0.18 0.17 0.16 8.88 0.14 8.88 0.07 
0.08 0.10 0.09 8.88 0.11 0.13 0.12 0.16 0.15 0.20 0.21 0.24 0.25 0.27 0.26 0.28 0.25 0.30 0.28 0.24 0.15 0.17 8.88 0.20 0.12 8.88 0.09 8.88 0.10 0.08 
8.88 0.10 0.10 0.09 0.10 0.10 0.14 0.14 8.88 0.18 0.19 0.18 0.24 0.21 0.19 0.22 0.26 0.21 0.23 0.18 0.15 0.14 0.13 0.15 0.09 0.14 0.12 0.09 0.09 0.08 
0.09 0.11 0.11 0.10 0.08 0.08 0.11 0.11 0.11 0.15 0.14 0.14 0.16 0.19 0.20 8.88 8.88 0.17 8.88 0.14 0.14 0.13 0.15 8.88 0.10 0.11 0.11 8.88 0.07 0.09 
0.05 0.08 0.10 0.06 0.10 0.08 0.10 0.11 0.13 0.13 0.11 0.17 0.12 0.14 0.17 0.11 0.12 0.13 0.19 0.13 0.10 0.10 0.11 0.08 0.13 0.09 0.08 0.08 0.08 0.07 
0.07 0.08 0.06 0.09 0.10 0.10 0.06 0.09 0.11 0.09 0.09 0.13 0.12 0.10 0.16 0.12 0.13 0.10 0.11 0.12 0.10 0.08 0.09 0.09 0.09 0.05 0.09 8.88 8.88 0.06 
0.04 0.06 0.06 8.88 8.88 0.05 0.08 0.05 8.88 0.10 0.11 0.10 0.10 0.12 0.08 0.11 0.12 0.08 0.15 0.11 0.09 0.06 0.11 8.88 0.11 0.07 0.06 0.04 0.07 0.06 
0.08 0.03 8.88 0.06 0.06 0.07 0.08 0.07 0.06 0.09 0.09 8.88 0.10 0.11 8.88 0.12 0.13 0.09 0.12 0.07 0.07 0.06 0.07 0.05 0.05 8.88 0.03 0.06 0.05 0.06 
8.88 0.07 8.88 0.02 8.88 0.06 0.06 0.05 0.09 0.04 0.04 0.06 0.03 0.07 0.08 0.06 0.08 0.06 0.09 8.88 0.08 0.06 0.07 0.05 0.07 0.05 0.06 0.06 0.05 0.06 
0.05 0.04 0.07 0.05 0.04 0.05 0.05 0.07 0.05 0.04 0.06 0.08 0.08 0.07 0.06 0.09 0.08 0.07 0.06 0.07 0.08 0.05 0.08 0.07 0.07 0.07 0.04 0.05 8.88 8.88 
0.03 8.88 0.04 0.04 0.03 0.07 0.03 0.06 8.88 0.06 0.05 0.04 0.07 0.06 0.07 0.06 8.88 0.08 0.06 0.09 8.88 0.05 8.88 0.06 0.08 0.04 0.04 0.04 0.04 0.03 
