2
2
30 30
300
320
0.20 0.20 0.30 0.30
0.03 0.03 0.05 X.XX 0.05 0.06 0.03 0.07 0.07 0.06 0.04 0.04 0.09 0.05 0.04 0.06 X.XX 0.06 0.06 0.03 0.03 0.04 0.03 0.04 0.05 0.06 0.04 X.XX 0.06 0.03 
0.05 0.03 0.04 0.02 0.02 X.XX 0.04 0.04 0.03 0.06 X.XX 0.08 0.07 0.07 0.05 0.07 0.07 0.07 0.07 0.04 0.06 0.07 0.07 0.05 0.06 0.03 0.04 0.03 0.03 0.03 
0.03 0.05 0.03 0.03 0.04 X.XX X.XX 0.06 0.06 0.07 0.07 0.06 0.09 0.07 0.07 0.07 0.06 0.06 X.XX X.XX 0.06 0.04 X.XX 0.05 0.04 0.03 0.05 0.04 0.04 0.06 
X.XX 0.03 0.03 0.05 0.04 0.06 0.06 0.06 0.06 X.XX 0.08 0.07 0.08 0.09 0.07 X.XX 0.06 0.13 0.06 0.07 0.08 0.08 0.07 0.04 0.05 0.03 0.05 0.04 0.05 0.03 
0.04 0.06 X.XX 0.05 X.XX 0.06 0.08 X.XX 0.08 0.07 0.08 0.06 0.05 0.08 0.09 0.09 0.07 0.09 0.08 0.07 0.06 0.07 0.08 0.08 0.07 0.06 0.05 0.04 0.04 0.07 
X.XX 0.10 0.06 0.06 0.07 0.06 0.08 0.08 0.07 0.07 0.07 0.11 X.XX 0.09 0.11 0.11 0.12 0.08 0.07 0.08 0.07 0.06 0.09 0.08 0.03 X.XX 0.07 0.05 X.XX 0.08 
0.05 0.07 0.07 0.07 0.07 0.10 0.09 0.08 0.10 0.08 0.08 0.13 X.XX 0.12 0.09 0.11 0.13 X.XX 0.13 0.08 0.09 0.08 0.09 X.XX 0.06 0.05 0.07 X.XX 0.05 0.05 
0.06 0.07 0.08 0.07 0.05 0.09 0.09 0.10 0.10 0.11 0.08 0.14 0.15 0.14 0.11 X.XX 0.12 0.12 0.12 0.13 0.12 0.08 X.XX 0.07 0.10 0.07 0.09 0.05 0.04 0.06 
0.08 0.05 0.07 0.07 0.07 0.08 0.12 0.10 0.13 0.15 0.16 0.14 X.XX 0.17 0.13 0.19 0.16 0.18 X.XX 0.17 0.12 0.13 0.08 0.10 0.07 0.07 X.XX 0.07 0.07 0.08 
0.09 0.09 0.08 0.10 0.10 0.11 0.11 0.12 0.13 0.15 0.18 0.19 0.19 X.XX 0.27 0.20 0.20 0.24 0.17 0.20 X.XX 0.15 X.XX X.XX 0.07 0.10 0.09 0.11 0.09 X.XX 
0.08 0.09 X.XX X.XX 0.10 X.XX 0.10 0.13 X.XX 0.17 0.19 0.23 0.26 0.27 0.28 0.23 0.17 0.19 0.18 0.20 0.19 0.13 0.16 0.18 X.XX 0.10 0.08 0.07 0.11 0.10 
0.11 0.10 0.09 0.12 0.15 0.16 0.16 0.15 0.17 0.19 0.26 0.28 0.29 0.27 0.33 0.34 X.XX 0.24 0.23 0.27 X.XX 0.17 0.23 0.14 0.12 0.13 0.12 0.09 0.11 0.11 
0.14 0.11 0.11 0.13 0.12 0.14 0.16 0.13 0.19 0.19 0.29 0.31 0.35 0.36 0.32 0.38 X.XX 0.26 0.30 0.21 0.25 0.23 0.16 0.16 0.20 0.12 0.14 0.13 0.08 0.13 
0.12 0.07 0.12 X.XX 0.13 0.14 0.15 0.15 0.21 X.XX 0.27 0.36 0.33 0.40 X.XX 0.59 0.56 X.XX 0.31 0.27 0.29 0.26 0.23 0.16 0.18 0.14 0.12 0.10 0.11 0.10 
0.09 0.11 0.12 X.XX 0.12 0.14 0.15 X.XX 0.27 0.31 0.30 0.39 0.42 0.56 0.67 0.71 0.61 0.53 0.38 0.34 0.30 0.25 0.21 0.18 0.21 0.12 0.14 0.13 0.08 0.09 
0.11 0.09 0.09 0.12 0.12 0.13 0.14 0.11 X.XX 0.28 0.33 0.42 0.50 0.56 0.72 -.-- 0.74 0.58 0.40 0.29 0.28 0.26 0.23 0.21 0.17 X.XX 0.13 X.XX 0.10 0.10 
0.09 0.13 0.09 0.10 0.14 X.XX 0.16 0.16 0.23 0.19 0.22 X.XX 0.51 0.50 0.63 0.71 0.59 X.XX 0.32 0.38 0.28 0.25 0.23 0.20 0.19 0.15 0.16 0.13 0.10 0.09 
0.10 0.11 0.09 0.11 0.12 0.12 0.12 0.15 0.18 0.18 0.21 0.25 X.XX 0.49 0.56 0.51 0.47 0.45 0.30 0.28 0.23 0.23 0.23 0.20 X.XX 0.17 0.13 X.XX 0.09 0.08 
0.10 X.XX 0.10 0.08 0.12 0.11 0.14 0.15 0.19 0.19 0.19 0.23 0.28 0.30 X.XX 0.40 0.40 0.33 0.31 0.25 0.20 0.22 0.17 0.19 0.17 0.16 X.XX 0.10 0.10 0.08 
0.08 0.12 0.07 0.10 X.XX 0.15 0.12 0.12 0.11 X.XX 0.22 0.23 0.22 0.26 0.23 0.29 0.29 0.32 0.26 0.25 0.23 0.18 0.21 0.19 0.13 0.13 0.12 0.09 0.10 0.10 
0.11 0.11 0.11 0.07 0.07 0.10 0.10 0.12 0.10 0.14 0.13 X.XX 0.25 0.19 0.20 X.XX 0.25 0.21 0.20 0.25 0.17 0.15 0.15 0.17 0.16 0.12 0.09 0.08 0.11 0.10 
X.XX 0.08 0.07 0.08 0.07 0.10 0.07 0.07 0.10 0.14 0.22 0.15 0.17 0.17 0.19 0.18 0.20 0.23 0.20 0.17 0.19 0.17 X.XX 0.11 0.12 0.12 0.08 0.12 0.10 0.10 
0.11 0.07 0.10 0.07 0.08 0.08 0.10 X.XX 0.12 0.11 0.10 0.11 0.12 0.19 0.17 0.17 0.14 X.XX 0.16 0.12 X.XX 0.14 0.10 0.07 0.12 0.08 0.09 0.09 0.09 0.08 
0.07 0.09 0.07 X.XX 0.09 0.09 0.07 0.11 0.09 0.11 0.09 0.12 0.10 0.12 0.15 0.14 0.13 X.XX 0.12 0.10 0.12 0.13 0.11 0.10 0.12 0.07 0.07 0.08 0.06 0.08 
0.06 0.06 0.06 X.XX 0.07 0.10 0.10 0.06 0.10 0.11 0.09 0.08 0.11 0.08 0.11 0.12 0.08 0.10 0.09 0.12 0.12 0.10 0.13 X.XX 0.10 0.08 0.07 0.05 0.07 0.06 
0.05 0.06 X.XX 0.07 0.06 0.05 0.06 0.08 0.08 X.XX 0.10 0.08 0.09 0.09 0.09 0.09 0.11 0.12 0.09 0.10 0.09 0.11 0.09 0.07 0.08 0.06 0.07 0.10 0.05 0.04 
0.03 0.06 0.05 0.04 0.04 0.05 0.08 0.06 0.07 0.07 0.08 0.07 0.07 0.08 0.08 0.09 0.09 0.07 0.07 0.10 0.10 X.XX 0.06 0.07 0.08 0.03 0.08 0.04 0.05 0.06 
0.03 0.04 0.05 0.04 X.XX 0.06 0.05 0.04 X.XX 0.07 0.06 0.07 0.09 0.06 0.08 0.07 0.07 0.09 0.06 0.08 0.07 0.07 0.07 0.04 0.04 0.08 0.05 0.05 0.03 0.04 
0.03 0.04 X.XX X.XX 0.08 0.07 0.05 0.04 X.XX X.XX 0.07 0.07 0.08 0.08 0.08 0.09 X.XX 0.07 0.08 0.06 X.XX 0.05 X.XX 0.05 0.03 0.06 0.06 0.03 0.04 0.05 
0.04 0.04 0.04 0.04 X.XX 0.03 0.05 0.05 X.XX 0.06 0.06 0.05 X.XX 0.07 X.XX 0.04 0.07 0.08 0.07 0.07 0.07 0.04 0.04 X.XX 0.05 0.05 0.03 0.04 0.07 0.03 

234 239 229 XXX 207 205 197 232 234 213 235 212 219 232 191 191 XXX 206 221 223 173 195 236 212 213 205 223 XXX 223 207 
235 216 218 197 196 XXX 220 217 191 211 XXX 236 209 208 192 202 209 171 207 213 192 213 213 222 231 212 222 215 214 245 
226 224 237 217 211 XXX XXX 190 208 210 173 202 185 201 185 177 183 195 XXX XXX 201 184 XXX 200 232 224 220 217 205 206 
XXX 237 233 220 232 200 181 195 201 XXX 194 203 194 203 202 XXX 205 182 184 184 183 176 202 193 206 190 208 189 232 197 
224 198 XXX 213 XXX 174 191 XXX 184 176 205 185 187 162 159 157 175 183 178 197 190 186 199 227 211 237 220 193 212 220 
XXX 209 211 178 190 206 204 170 201 185 180 161 XXX 169 181 169 179 194 199 202 166 193 180 192 248 XXX 199 192 XXX 213 
177 210 203 185 196 182 186 177 166 176 164 165 XXX 167 153 175 166 XXX 187 160 189 158 194 XXX 203 210 216 XXX 215 192 
223 195 201 204 206 190 171 148 167 143 160 135 149 152 137 XXX 152 137 157 175 160 184 XXX 199 176 192 199 224 199 217 
200 197 191 194 187 176 179 174 149 160 135 145 XXX 151 146 151 116 126 XXX 157 159 175 157 185 187 200 XXX 202 184 185 
220 198 203 205 162 173 155 155 151 137 134 112 109 XXX 114 125 122 126 138 114 XXX 155 XXX XXX 209 186 186 194 201 XXX 
212 194 XXX XXX 185 XXX 150 164 XXX 117 109 113 108 103 118 128 119 138 133 139 127 144 150 154 XXX 157 190 187 197 191 
197 175 173 164 155 167 162 153 136 121 101 119 104  85 102  91 XXX 117 131 125 XXX 148 153 146 154 162 176 167 167 192 
173 182 180 174 156 156 153 139 140 119  91  88  87  75  81  69 XXX 116 113 110 134 121 137 159 142 162 184 176 195 169 
181 168 191 XXX 140 160 137 131 127 XXX  95  92  75  61 XXX  43  35 XXX  91  93 108 131 128 136 167 143 168 178 194 188 
179 181 203 XXX 174 160 165 XXX 104 107  87  78  78  44  29  26  34  47  72  81 105 101 113 132 133 160 157 179 192 201 
188 201 195 202 154 181 141 157 XXX  88  79  70  52  42  22 ---  27  44  65  89  95 126 134 140 150 XXX 186 XXX 166 180 
181 194 173 173 187 XXX 163 122 126 104 117 XXX  51  58  39  27  31 XXX  87  85 109 111 120 125 137 162 167 179 196 179 
183 179 175 187 173 164 160 133 146 138 130 123 XXX  49  39  49  50  75  78 101 103 124 128 141 XXX 150 155 XXX 190 206 
179 XXX 181 179 169 181 140 156 122 135 107 103 106  76 XXX  59  63  91  96  94  92 121 136 135 141 147 XXX 164 186 183 
214 187 184 194 XXX 179 179 176 152 XXX 116 104 117 100 113  92 100  93 113 101 109 126 139 133 144 143 194 170 185 187 
199 190 198 192 178 169 166 166 148 156 123 XXX 130 128 106 XXX 112 100 127 118 103 132 160 166 147 162 163 176 194 180 
XXX 192 213 212 177 172 185 178 166 174 153 130 131 127 130 119 106 120 120 126 124 132 XXX 158 167 167 134 165 191 197 
186 179 194 213 179 183 200 XXX 174 167 151 130 127 130 167 130 140 XXX 131 157 XXX 162 165 163 156 198 168 183 195 203 
191 207 196 XXX 182 186 190 185 172 147 153 149 176 164 157 151 161 XXX 144 160 166 154 154 159 176 182 182 202 207 208 
203 199 179 XXX 184 208 169 207 195 179 168 179 172 129 138 150 159 182 173 168 175 178 201 XXX 187 209 217 215 193 210 
211 218 XXX 212 172 199 189 199 206 XXX 186 183 183 180 196 150 162 177 193 194 166 193 177 179 196 198 183 178 191 215 
213 250 189 193 196 217 209 193 210 184 190 189 176 200 180 175 174 179 170 189 138 XXX 188 193 183 203 201 226 181 209 
255 218 210 193 XXX 192 200 206 XXX 189 188 188 173 178 186 185 206 184 183 189 184 206 204 186 201 200 213 208 201 221 
248 200 XXX XXX 212 232 205 190 XXX XXX 186 171 181 182 197 162 XXX 206 179 191 XXX 217 XXX 228 212 226 212 209 228 200 
237 224 207 220 XXX 239 214 233 XXX 202 199 218 XXX 186 XXX 214 191 207 188 215 201 226 208 XXX 201 232 214 203 223 206 
